260.496
239.975
222.573
220.636
131.4
258.642
177.266
211.757
187.557
282.356
208.472
255.347
224.467
177.642
247.385
230.349
242.493
276.409
171.605
209.718
248.238
171.448
202.997
237.091
172.539
233.592
256.427
204.69
283.64
190.046
244.351
214.321
203.806
185.397
183.78
256.735
171.533
201.164
207.158
142.174
167.134
246.271
226.838
137.662
193.417
227.684
215.916
207.796
223.889
159.734
139.931
195.094
182.357
190.843
159.688
282.161
252.703
302.994
215.769
195.655
187.739
226.13
151.988
224.906
185.257
201.903
239.531
264.513
170.675
197.074
251.079
237.135
269.304
229.941
293.548
152.14
201.973
228.618
209.232
219.969
202.426
249.931
211.64
1000.406
1000.25
1000.572
1000.566
1000.088
1000.147
1000.228
1000.179
1000.421
1000.144
1000.497
1000.616
350.05
157.024
149.694
266.022
212.193
207.811
201.074
239.945
176.035
229.104
279.614
215.905
195.599
158.564
235.981
205.323
144.966
256.067
180.737
213.391
184.101
174.996
212.499
248.371
230.717
133.901
239.043
209.671
197.46
230.578
262.664
254.392
213.966
285.785
209.709
386.483
200.08
243.844
247.965
215.255
165.083
220.319
229.369
179.097
208.718
200.494
175.832
201.062
219.472
160.656
181.946
169.645
175.784
179.569
206.479
196.943
239.639
224.454
265.804
184.352
215.9
205.365
265.0
273.489
216.721
169.319
255.053
210.197
177.555
155.068
178.752
202.502
238.45
142.152
225.808
234.227
180.326
249.266
250.571
278.52
249.717
227.915
244.779
185.256
139.595
267.419
167.966
243.81
230.658
221.951
191.738
222.936
228.523
172.795
186.503
172.049
225.516
237.428
215.084
219.98
221.956
211.092
224.9
244.352
220.298
250.182
174.905
243.472
202.836
259.079
205.931
152.544
170.151
263.182
175.614
198.612
244.187
180.943
243.422
221.702
234.409
226.598
188.653
197.238
247.681
224.298
215.315
171.377
206.431
212.78
223.68
190.477
188.277
248.317
290.749
213.013
228.873
216.253
236.899
250.123
221.799
191.028
246.11
218.25
0.239
239.08
239.884
179.633
148.371
216.451
229.356
223.239
241.842
152.505
256.734
365.016
187.34
226.92
159.84
219.167
241.042
195.626
183.619
229.134
147.049
206.855
185.992
211.121
218.275
255.701
214.368
146.411
210.934
254.486
224.525
241.363
187.984
247.472
181.124
232.53
220.881
183.195
254.391
338.521
161.186
186.278
179.28
168.449
167.62
227.255
219.718
245.617
154.35
188.406
202.514
223.94
194.232
180.567
232.382
235.769
181.223
161.025
208.989
274.862
228.083
296.315
62.722
109.709
265.165
232.611
158.691
142.141
285.367
280.864
169.424
192.104
346.801
114.697
208.135
221.711
283.688
240.214
101.553
226.248
171.492
228.071
243.446
232.322
173.124
247.121
237.991
207.966
163.719
231.34
309.971
173.8
324.727
232.831
222.388
142.193
258.268
219.883
244.075
199.008
249.188
158.514
183.288
275.284
140.831
224.719
303.366
227.028
225.695
288.821
223.51
235.238
167.05
203.942
150.718
169.947
211.447
226.917
265.461
192.785
255.425
212.664
237.778
256.642
224.04
244.924
235.147
236.46
190.468
202.816
283.758
215.207
199.4
185.303
176.167
215.797
214.431
221.582
169.733
166.787
228.537
211.753
184.539
243.787
248.943
200.854
281.029
236.997
245.212
155.738
237.688
232.41
214.097
183.156
302.141
197.823
223.368
175.413
227.063
212.128
237.783
231.679
215.959
156.398
248.792
232.495
211.808
191.857
179.484
195.044
202.2
172.08
207.279
248.501
213.39
217.734
165.433
154.06
155.919
195.251
245.736
136.529
207.793
155.367
233.456
208.715
184.083
173.686
258.817
234.966
312.255
229.582
142.624
231.235
215.369
260.906
139.72
130.412
156.57
238.751
179.255
268.758
365.701
279.782
226.955
426.366
237.263
209.846
190.611
266.661
210.407
183.637
202.453
358.519
209.912
296.998
164.755
221.012
252.05
255.527
312.165
255.215
218.059
229.972
200.199
185.776
198.019
140.5
188.559
243.697
218.003
124.706
201.397
238.337
158.386
251.505
172.882
189.246
230.906
191.673
177.853
258.074
227.559
245.948
186.678
268.676
250.728
90.659
201.693
171.424
228.492
168.317
201.49
108.752
225.555
219.565
195.712
291.993
179.199
247.156
203.983
288.105
200.601
257.335
186.898
172.306
289.927
211.901
279.301
254.853
135.619
260.232
198.4
212.498
247.799
180.45
253.852
277.876
224.372
145.757
239.235
183.571
216.357
239.897
269.151
177.946
241.007
195.387
190.906
221.023
170.972
233.68
243.897
218.722
280.667
254.27
239.531
233.564
175.899
232.485
264.575
196.769
334.659
285.022
279.764
210.518
193.601
214.729
240.283
134.182
272.259
211.162
226.668
210.744
290.26
235.691
127.443
293.02
332.214
232.601
264.716
185.754
195.976
222.983
201.354
197.102
150.77
236.553
171.946
245.219
178.291
196.649
249.002
183.9
197.015
168.42
267.744
147.77
144.402
253.356
299.623
275.353
221.883
223.369
275.41
257.008
211.773
178.301
206.292
219.193
238.761
216.774
252.087
254.03
265.601
173.673
278.704
170.946
238.528
246.938
203.836
233.065
205.081
167.999
252.177
207.036
244.198
265.065
252.693
179.103
217.051
125.901
339.733
229.752
193.338
214.588
176.647
267.448
205.509
183.088
187.175
254.41
247.887
164.366
199.207
173.701
251.828
161.002
694.085
251.049
291.211
116.3
148.233
220.492
159.215
256.011
311.823
174.454
150.12
232.245
199.77
237.898
194.97
153.926
136.74
204.442
188.068
156.457
218.253
187.448
221.291
179.597
167.768
151.314
139.776
193.857
195.715
168.184
209.464
220.576
199.102
0.258
0.241
0.259
0.252
0.292
0.251
0.235
0.367
0.383
1000.187
181.474
155.602
145.295
173.81
228.931
159.64
154.203
208.175
146.695
160.314
224.317
199.712
259.525
171.488
176.526
199.807
245.525
236.213
234.39
187.467
239.382
208.13
265.928
169.911
227.884
241.45
138.166
195.412
215.778
214.477
155.949
166.532
171.382
186.906
164.809
172.723
159.548
168.483
174.151
145.927
144.359
143.726
203.635
190.381
148.193
155.682
150.769
161.378
331.261
287.359
243.248
166.722
162.075
464.027
401.929
253.463
237.4
571.837
